DMSP 5D-3 F16 (USA 172) 
1 28054U 03048A   26031.52038976  .00000170  00000+0  11257-3 0  9992
2 28054  99.0019  54.3635 0007476 167.0397 355.9065 14.14446834150167
METEOSAT-9 (MSG-2)      
1 28912U 05049B   26031.21576725  .00000114  00000+0  00000+0 0  9991
2 28912   9.0508  55.5007 0001675 211.0382 347.1631  1.00276676  5627
DMSP 5D-3 F17 (USA 191) 
1 29522U 06050A   26031.48287402  .00000206  00000+0  12898-3 0  9996
2 29522  98.7401  40.8392 0011147  87.2962 272.9487 14.14946151993089
FENGYUN 3A              
1 32958U 08026A   26031.44861201  .00000120  00000+0  77313-4 0  9998
2 32958  98.6754 334.9439 0009040 155.3279 204.8331 14.19533970916007
GOES 14                 
1 35491U 09033A   26031.46428734  .00000110  00000+0  00000+0 0  9997
2 35491   1.3336  84.8334 0001483 259.1147 173.5004  1.00108546  5229
DMSP 5D-3 F18 (USA 210) 
1 35951U 09057A   26031.44308495  .00000284  00000+0  17026-3 0  9995
2 35951  98.8899  12.6132 0010073 281.5606  78.4436 14.14809304840255
EWS-G2 (GOES 15)        
1 36411U 10008A   26031.43291383  .00000028  00000+0  00000+0 0  9997
2 36411   0.9330  85.7579 0005222 196.4032  65.8421  1.00274400 58264
COMS 1                  
1 36744U 10032A   26031.43864098 -.00000354  00000+0  00000+0 0  9995
2 36744   4.4579  77.3581 0001245 227.6380 111.7359  1.00271847 49714
FENGYUN 3B              
1 37214U 10059A   26031.55206306  .00000557  00000+0  31151-3 0  9991
2 37214  98.9847  76.8626 0021595 211.8486 309.6114 14.14809166788109
SUOMI NPP               
1 37849U 11061A   26031.52712255  .00000101  00000+0  68801-4 0  9999
2 37849  98.7827 333.4347 0001950  34.7676 325.3627 14.19532076739059
METEOSAT-10 (MSG-3)     
1 38552U 12035B   26031.34936667 -.00000017  00000+0  00000+0 0  9997
2 38552   4.3472  61.5977 0002289 276.3059 278.4131  1.00271086 49489
METOP-B                 
1 38771U 12049A   26031.41933271  .00000149  00000+0  88224-4 0  9995
2 38771  98.6720  85.5184 0002737  42.6633 317.4756 14.21431171693831
INSAT-3D                
1 39216U 13038B   26031.43864098 -.00000348  00000+0  00000+0 0  9994
2 39216   1.5728  84.3750 0002017 195.6797 138.0001  1.00269322 45701
FENGYUN 3C              
1 39260U 13052A   26031.50071164  .00000122  00000+0  82969-4 0  9999
2 39260  98.4829  11.7668 0015675  59.1407 301.1308 14.15715409639226
METEOR-M 2              
1 40069U 14037A   26031.51635559  .00000067  00000+0  49864-4 0  9992
2 40069  98.4957  12.2095 0006943  75.6681 284.5267 14.21411257599901
HIMAWARI-8              
1 40267U 14060A   26031.43308881 -.00000284  00000+0  00000+0 0  9990
2 40267   0.0320 207.7021 0001228  90.8681 128.6260  1.00270270 41380
FENGYUN 2G              
1 40367U 14090A   26031.51178095 -.00000311  00000+0  00000+0 0  9996
2 40367   5.2919  74.4869 0001877 190.4041 149.5886  1.00265131 40620
METEOSAT-11 (MSG-4)     
1 40732U 15034A   26031.28003294  .00000055  00000+0  00000+0 0  9997
2 40732   2.8596  71.8239 0001033 235.8532 293.3527  1.00267565  5843
ELEKTRO-L 2             
1 41105U 15074A   26031.34659332 -.00000128  00000+0  00000+0 0  9995
2 41105   6.3486  72.2198 0003770 222.6402 305.9631  1.00271831 37138
INSAT-3DR               
1 41752U 16054A   26031.00741938 -.00000083  00000+0  00000+0 0  9999
2 41752   0.0381  93.5199 0014172 183.9872 289.3810  1.00270680 34442
HIMAWARI-9              
1 41836U 16064A   26031.43308881 -.00000282  00000+0  00000+0 0  9997
2 41836   0.0304 209.0406 0001107 108.5865 109.6579  1.00272986 33833
GOES 16                 
1 41866U 16071A   26031.53393968 -.00000099  00000+0  00000+0 0  9995
2 41866   0.1432  94.6155 0003182 192.8890 290.7430  1.00271135 33739
FENGYUN 4A              
1 41882U 16077A   26031.51654764 -.00000366  00000+0  00000+0 0  9998
2 41882   1.9734  81.8453 0006572 133.8118 224.5886  1.00278865 33551
CYGFM05                 
1 41884U 16078A   26031.50174434  .00021758  00000+0  37207-3 0  9991
2 41884  34.9594  81.5188 0008211 281.1873  78.7927 15.50271613507489
CYGFM04                 
1 41885U 16078B   26031.43116758  .00023263  00000+0  35991-3 0  9990
2 41885  34.9345  55.2497 0006954 305.8272  54.1804 15.53058456507667
CYGFM02                 
1 41886U 16078C   26031.44412868  .00026652  00000+0  38473-3 0  9996
2 41886  34.9430  52.7731 0008112 308.0164  51.9827 15.54924325507803
CYGFM01                 
1 41887U 16078D   26031.47448457  .00020522  00000+0  34625-3 0  9998
2 41887  34.9421  83.6847 0008221 272.8098  87.1684 15.50656495507426
CYGFM08                 
1 41888U 16078E   26031.42472188  .00022002  00000+0  35329-3 0  9999
2 41888  34.9453  66.3857 0009232 297.2055  62.7726 15.52017601507651
CYGFM07                 
1 41890U 16078G   26031.47163492  .00022655  00000+0  35561-3 0  9994
2 41890  34.9472  54.7647 0007182 312.9679  47.0442 15.52661969507688
CYGFM03                 
1 41891U 16078H   26031.44038939  .00022828  00000+0  35991-3 0  9998
2 41891  34.9427  56.9247 0007090 297.0750  62.9249 15.52539646507654
FENGYUN 3D              
1 43010U 17072A   26031.49513801 -.00000021  00000+0  11720-4 0  9996
2 43010  98.9955   3.5691 0002532  80.3947 279.7515 14.19702178425593
NOAA 20 (JPSS-1)        
1 43013U 17073A   26031.47111225  .00000083  00000+0  60424-4 0  9994
2 43013  98.7651 332.2379 0000685  17.8492 342.2708 14.19525557425076
GOES 17                 
1 43226U 18022A   26031.49956576 -.00000190  00000+0  00000+0 0  9992
2 43226   0.5855  88.2485 0003060 205.6146 287.1690  1.00270387 29057
FENGYUN 2H              
1 43491U 18050A   26031.50770759 -.00000134  00000+0  00000+0 0  9994
2 43491   2.6774  80.7589 0002622 181.2209 130.4212  1.00266403 28062
METOP-C                 
1 43689U 18087A   26031.44538228  .00000151  00000+0  88806-4 0  9992
2 43689  98.6847  93.4342 0001374 153.9244 206.2003 14.21507195375409
GEO-KOMPSAT-2A          
1 43823U 18100A   26031.43864098 -.00000352  00000+0  00000+0 0  9993
2 43823   0.0136  98.1368 0000771 283.8993  34.7666  1.00270543 26253
METEOR-M2 2             
1 44387U 19038A   26031.47330236  .00000243  00000+0  12510-3 0  9997
2 44387  98.9023  16.8269 0002236  65.9876 294.1536 14.24318154341837
ARKTIKA-M 1             
1 47719U 21016A   26029.42409457 -.00000182  00000+0  00000+0 0  9992
2 47719  63.1907  77.4062 7227576 269.3208  15.3167  2.00632158 36007
FENGYUN 3E              
1 49008U 21062A   26031.49517090  .00000410  00000+0  21385-3 0  9995
2 49008  98.7493  36.4316 0002585 108.4888 251.6569 14.19889439237184
GOES 18                 
1 51850U 22021A   26031.52475534  .00000000  00000+0  00000+0 0  9991
2 51850   0.0271  91.7484 0000790 263.8259 187.0940  1.00271422  5222
NOAA 21 (JPSS-2)        
1 54234U 22150A   26031.43574070  .00000106  00000+0  71180-4 0  9997
2 54234  98.7514 332.1379 0001053 188.5251 171.5907 14.19541428167149
METEOSAT-12 (MTG-I1)    
1 54743U 22170C   26031.34936667 -.00000015  00000+0  00000+0 0  9996
2 54743   0.7042  24.0964 0002344 265.8698 326.0523  1.00268814 11609
TIANMU-1 03             
1 55973U 23039A   26031.53652387  .00016120  00000+0  37041-3 0  9994
2 55973  97.5125 200.6503 0002582 224.4309 135.6731 15.42761398159734
TIANMU-1 04             
1 55974U 23039B   26031.50460172  .00016411  00000+0  37235-3 0  9999
2 55974  97.5057 199.7894 0003324 220.8254 139.2745 15.43134816159739
TIANMU-1 05             
1 55975U 23039C   26031.51173440  .00016207  00000+0  37306-3 0  9992
2 55975  97.5104 200.2899 0002263 252.8916 107.2083 15.42708402159712
TIANMU-1 06             
1 55976U 23039D   26031.50522502  .00016182  00000+0  36673-3 0  9997
2 55976  97.5115 200.7903 0002622 245.5235 114.5739 15.43175286159738
FENGYUN 3G              
1 56232U 23055A   26027.33093889  .00044881  00000+0  67100-3 0  9994
2 56232  49.9947 352.2708 0004101  93.7831 266.3606 15.54500775158110
METEOR-M2 3             
1 57166U 23091A   26031.50803174  .00000031  00000+0  32366-4 0  9997
2 57166  98.6299  89.1598 0003665 192.3840 167.7249 14.24033424135065
TIANMU-1 07             
1 57399U 23101A   26031.48069791  .00007254  00000+0  26048-3 0  9996
2 57399  97.2805  85.2424 0002377 251.6830 108.4151 15.28958503140758
TIANMU-1 08             
1 57400U 23101B   26031.51526762  .00006849  00000+0  24690-3 0  9999
2 57400  97.2794  85.0618 0004142 256.9154 103.1624 15.28850393140755
TIANMU-1 09             
1 57401U 23101C   26031.49914285  .00007669  00000+0  27492-3 0  9992
2 57401  97.2751  84.5376 0003491 260.3324  99.7522 15.28994182140750
TIANMU-1 10             
1 57402U 23101D   26031.46812906  .00007218  00000+0  25892-3 0  9999
2 57402  97.2831  85.4099 0005211 261.7829  98.2820 15.28986810140742
FENGYUN 3F              
1 57490U 23111A   26031.48168375  .00000100  00000+0  67413-4 0  9992
2 57490  98.7005 103.9550 0001450 104.6197 255.5140 14.19909906129469
ARKTIKA-M 2             
1 58584U 23198A   26024.19964859  .00000217  00000+0  00000+0 0  9996
2 58584  63.2239 170.2658 6869981 267.9333  18.8453  2.00612775 15438
TIANMU-1 11             
1 58645U 23205A   26031.48556670  .00006154  00000+0  24655-3 0  9993
2 58645  97.3573  55.2503 0010729 121.8762 238.3521 15.25346708116676
TIANMU-1 12             
1 58646U 23205B   26031.51597648  .00006072  00000+0  24405-3 0  9990
2 58646  97.3561  55.0697 0009219 107.0372 253.1877 15.25254172116662
TIANMU-1 13             
1 58647U 23205C   26031.48246065  .00006857  00000+0  27482-3 0  9990
2 58647  97.3588  55.2592 0009539  92.1427 268.0903 15.25300033116650
TIANMU-1 14             
1 58648U 23205D   26031.53208666  .00006475  00000+0  25977-3 0  9995
2 58648  97.3522  54.6107 0010357  95.6120 264.6300 15.25279380116666
TIANMU-1 19             
1 58660U 23208A   26031.50209175  .00009354  00000+0  33456-3 0  9995
2 58660  97.4380 147.4785 0006312  83.8709 276.3250 15.29000013116421
TIANMU-1 20             
1 58661U 23208B   26031.51531661  .00009507  00000+0  32767-3 0  9999
2 58661  97.4319 147.9883 0008571  91.0512 269.1711 15.30191624116502
TIANMU-1 21             
1 58662U 23208C   26030.45170538  .00015658  00000+0  49859-3 0  9998
2 58662  97.4366 149.0560 0008446  90.5017 269.7193 15.32619606116456
TIANMU-1 22             
1 58663U 23208D   26031.51112014  .00008882  00000+0  32107-3 0  9991
2 58663  97.4375 147.5213 0005048 103.4856 256.6946 15.28673204116433
TIANMU-1 15             
1 58700U 24004A   26031.52955354  .00006783  00000+0  27249-3 0  9990
2 58700  97.4638 217.8375 0008332 106.9140 253.3012 15.25245680114931
TIANMU-1 16             
1 58701U 24004B   26031.51378916  .00007081  00000+0  28415-3 0  9991
2 58701  97.4579 217.1725 0006713 108.4636 251.7332 15.25275584114939
TIANMU-1 17             
1 58702U 24004C   26031.49702897  .00006648  00000+0  26670-3 0  9997
2 58702  97.4612 217.5912 0005922 109.1575 251.0304 15.25314355114922
TIANMU-1 18             
1 58703U 24004D   26031.54672137  .00006637  00000+0  26656-3 0  9999
2 58703  97.4629 217.8460 0005330 107.2198 252.9623 15.25278951114931
INSAT-3DS               
1 58990U 24033A   26031.43698718 -.00000163  00000+0  00000+0 0  9990
2 58990   0.0552 262.3211 0002015  67.0724  40.6160  1.00269878 45698
METEOR-M2 4             
1 59051U 24039A   26031.50812990  .00000030  00000+0  33202-4 0  9990
2 59051  98.6839 352.6552 0006600 197.2148 162.8807 14.22410938 99832
GOES 19                 
1 60133U 24119A   26031.47720075 -.00000256  00000+0  00000+0 0  9996
2 60133   0.0053 327.3698 0001189  13.4216 246.4885  1.00270546  5598
FENGYUN 3H              
1 65815U 25219A   26031.47824054  .00000088  00000+0  61597-4 0  9997
2 65815  98.6641 335.0035 0001557  91.8579 268.2776 14.19921880 17983
